4.63
4.08
-0.98
0.62
-4.47
3.94
13.53
-1.37
9.68
13.74
4.70
-10.58
4.87
4.55
-11.40
2.03
4.79
-12.74
-4.82
1.79
7.95
0.54
1.35
0.23
-4.52
-1.89
-15.00
-2.02
23.27
7.78
-12.47
-2.03
-12.32
-13.06
-8.73
-1.31
2.00
-9.59
4.79
3.54
15.83
-5.09
-2.43
-14.81
-8.06
0.00
-0.13
-6.26
1.53
5.86
-7.40
-5.66
-8.42
-7.68
-6.70
-25.78
-5.29
-2.47
-15.85
-1.23
1.56
-1.78
-3.16
10.56
6.82
-0.27
3.15
-1.96
-4.63
0.22
-3.98
-16.77
16.78
-13.33
1.12
4.78
5.68
16.89
0.26
-13.20
-0.60
-3.63
-4.05
-0.98
-8.20
-15.32
-9.64
8.88
-0.18
5.09
-0.60
7.70
-0.82
12.58
-0.28
-7.58
-2.08
-2.55
0.83
1.95

