-35.91
-69.14
4.93
4.43
42.76
0.85
-15.64
68.11
6.99
9.92
5.88
-0.18
18.55
-0.87
5.79
-5.18
4.78
35.42
-0.56
-41.91
5.23
58.15
69.25
-54.05
30.73
15.73
-40.22
-8.71
48.12
43.39
23.15
-8.33
-1.09
-46.20
-32.94
-37.73
-1.11
-0.49
-2.40
-64.44
-4.86
-14.40
-4.35
-1.85
-23.65
4.46
-7.11
11.29
0.88
-98.82
79.81
-49.91
26.41
3.51
33.25
3.48
-7.29
0.00
16.88
6.11
-29.38
-13.48
43.39
-46.88
39.00
0.47
-58.69
-12.16
-3.95
35.87
-6.73
20.23
-13.22
-13.48
66.63
27.15
-36.15
46.46
13.23
-61.69
-36.08
-19.79
-1.00
16.72
-16.19
-38.64
88.76
45.85
-33.61
11.32
-46.06
-31.68
20.94
29.43
32.87
-17.49
-20.12
-13.16
-0.86
20.54

